"height" "length" "weight" "wing.l" "leg.ht" "wing.span" "sp" "age" "strength" "firepwr"
"1" 47.8417512762826 54.8809884209186 52.3819262474189 28.7518510204553 4.50496250600554 51.6499802798545 "black" 258.15186224645 113.181495214234 40.3370710168889
"2" 40.109508758178 64.90847511217 77.0120029543668 36.7015390280651 7.08443552441895 70.6168122010444 "black" 364.005626295693 153.941078045173 6.43268454677162
"3" 45.7469720684458 61.3583603035659 69.1143341666815 37.0052315113071 6.37997018708847 73.7080585340789 "black" 416.911624954082 197.222603987894 -4.02335078260196
"4" 50.4805197368842 62.6287920121104 73.7600766057568 36.2949045333114 3.96057320479304 78.8888376654858 "black" 387.639473134186 231.256883676431 -6.94333585425317
"5" 45.1144552987535 64.4384625228122 75.8625681815522 40.5611680884424 7.37633190304041 82.9765797368512 "black" 498.209693585522 240.340565674446 -16.5310546237515
"6" 47.6733673457056 57.8157655661926 63.3825145633007 30.8528521213091 3.49583665444516 62.1842171031344 "black" 482.260587625206 170.303626878488 -20.8933400969028
"7" 54.1776413936168 50.8628900023177 47.7611868405359 29.269999802791 3.90699710533954 49.5176294653543 "black" 345.722380909137 124.839699195927 42.9313087784868
"8" 53.0211901641451 57.4709755089134 58.7211656357365 32.5581278910518 6.12056424561888 67.9049189033206 "black" 275.996211683378 185.915010698526 49.0793235568528
"9" 53.8196849543601 50.1418591756374 46.4069007711833 25.4566303373221 6.97496660123579 53.4196775620274 "black" 471.232881129254 157.110565668443 -2.94880346328884
"10" 40.3154168173205 58.9264488918707 63.4439243514721 30.4565359838266 7.28402372985147 65.649508425728 "black" 420.962592237629 161.445073226739 -15.6229139779463
"11" 49.0454614779446 68.761214860715 86.4513982346227 41.2801976760827 4.479085291503 81.3925012883999 "black" 415.16167629743 282.343735036472 0.473809287782253
"12" 44.0399059467018 50.6667344225571 46.0378412796492 27.9589522712872 6.06629523518495 52.9745919071652 "black" 275.595275161322 118.289936324076 23.7045034954608
"13" 54.5910772657953 59.9302172614262 65.8037493470344 31.7692854412213 3.48945546033792 56.6778319031762 "black" 460.615970660001 123.770597776897 -14.3868073109687
"14" 51.900623444235 63.6317104613408 73.933581390459 39.6508166173102 3.79716259846464 85.7670175877856 "black" 390.103028388694 237.39942276076 11.0638216378405
"15" 53.7563813326415 60.4966474045068 65.57305753782 38.4405871287612 5.67128581064753 79.0064333868518 "black" 429.527445579879 223.721072282079 -14.5947347177767
"16" 42.4642869469244 51.549498452805 47.3731171416501 34.9793274064544 6.52936141192913 64.6124238731537 "black" 320.995777146891 176.936586290198 5.01570620268344
"17" 54.4752175081521 52.3787490511313 50.7842090754264 33.388710909092 7.06712401658297 64.5189164553907 "black" 388.368969375733 230.469313353281 33.1353406220695
"18" 43.501170205418 56.32954032626 57.2445631764396 34.0223751863822 4.84516333858483 72.7072950944511 "black" 483.370485249907 209.576816685422 -40.7283798253442
"19" 44.2928934411611 58.59414386563 62.2094308063373 36.4692229434081 5.68756689620204 70.4000443262103 "black" 343.653119984083 179.593160605978 20.0140801634518
"20" 42.7613951487001 54.9441228387877 54.0903132799282 35.6571536299713 7.24703141674399 69.2195894364573 "black" 403.754843340721 207.855264828826 -23.3694279970858
"21" 40.2405688806903 61.3721679756418 68.5755640888075 34.3861770532655 6.35589193971828 81.6327306964911 "black" 447.454291454051 254.993542840949 -13.5077853137909
"22" 50.5522147158626 66.5175362722948 80.9804897269683 37.734155636183 4.19422516319901 79.3482924089616 "black" 266.495281888638 223.053555812475 56.5649720168159
"23" 45.5898234259803 53.0349808186293 52.5199631862542 30.1495164008565 3.3125948656816 56.0553567286309 "black" 255.395905056503 122.763635522676 44.8256623052521
"24" 43.0296335753519 55.9218738693744 55.1258143985275 33.662448906518 7.41905494430102 72.1729586789321 "black" 307.178586896043 179.115207360645 29.2974473176306
"25" 45.672691471409 65.1625727722421 76.8925855569201 38.5274757796 7.6747639507521 74.9899891961699 "black" 296.63355066441 196.875646516686 27.0563365374308
"26" 52.1257781202439 52.0107211824507 49.975502083187 35.8868358333334 3.50615465501323 64.6665745093745 "gold" 458.058646239806 295.74678259479 -0.838679378767817
"27" 41.2178203463554 57.7356934221461 62.230117737576 37.4827414314857 5.5194836081937 73.7502812274013 "gold" 385.426103428472 367.853761817615 -7.27908916471253
"28" 52.6365831668954 55.2074179844931 52.5615414455872 28.5185168276221 7.97254150686786 66.4992293204493 "gold" 468.38698029751 305.81487119827 -5.20713772693863
"29" 49.728352651 54.3101418716833 53.6224288728338 37.8503639989204 5.03056874568574 71.5120163588168 "gold" 357.033463427797 315.971882719221 29.3030176864033
"30" 47.0702375180554 52.0260092476383 47.4021487403239 27.0938887633198 3.48894648440182 56.2925500383869 "gold" 275.102257030085 259.081812476379 37.5640403660154
"31" 43.5175364266615 69.102402892895 88.9228616919545 38.57770665577 6.46498828264885 84.0699868648533 "gold" 456.310719891917 392.033405453917 -40.4624667874965
"32" 40.5727899051271 61.5172935090959 70.0910066962224 37.3131848677634 5.67670114641078 78.4816729744718 "gold" 303.62647853326 338.837670209696 8.56132650819731
"33" 53.6706981936004 58.8849489530548 63.6258993033965 32.6256282831987 3.67078492604196 64.4333600648497 "gold" 416.872644273099 269.237776420617 3.43854472530886
"34" 53.3860490482766 61.0960099799559 68.659116913777 38.8327713224655 6.30851196194999 71.3402174451513 "gold" 458.923678379506 312.905001957629 -9.07004096807997
"35" 48.5220030404162 63.3934223558754 73.170069962192 42.2773237890841 5.25972746498883 95.2637988061336 "gold" 427.853772707749 456.080165649468 -17.1497450675992
"36" 45.7202008459717 53.8520696014166 51.4103594656067 31.7131299759567 5.83091339981183 68.7449110757362 "gold" 284.00114615215 357.194302383426 26.6932331340073
"37" 44.3188974121585 53.9073672471568 51.0553203255084 33.7465399372631 4.96060037938878 70.3495350939824 "gold" 289.610199164599 299.070201104284 28.8554018254859
"38" 51.8036086566281 57.0544483093545 62.0138076535764 35.9271306669357 4.76640257705003 80.3280897554932 "gold" 407.889301888645 377.140404337577 17.8438339852522
"39" 40.1461431861389 64.8562343185768 75.5114201017454 40.684405529184 5.9365009337198 77.3478118547465 "gold" 296.748066786677 339.901194240607 14.8027666604372
"40" 54.2866106017027 59.7527873655781 64.3196509493912 38.3496280896526 6.58836414874531 79.1685577285006 "gold" 263.06250563357 389.896480102418 58.5352624872144
"41" 43.8333809725009 50.0025082053617 46.1615275424345 24.8034862440379 4.89826585352421 38.4696565202308 "gold" 422.308660752606 126.984424252672 -1.9085321469393
"42" 49.343315724982 58.6880691628903 62.8619043103876 35.5805845247648 6.6380113940686 72.8307315021768 "gold" 320.28432370862 364.094871036025 16.0654953602653
"43" 47.9856983758509 54.3801590660587 53.5164105512192 31.7160928627358 4.69314330909401 59.8246522741494 "gold" 382.851833943278 200.457338833386 12.7225987072859
"44" 44.545458110515 52.8655479755253 51.5728077269294 27.6225359943476 3.24301083409227 63.2660209253515 "gold" 269.958759425208 247.97285528252 29.2512042652997
"45" 46.8660448293667 65.3807107266039 78.3605265864057 42.3096961080554 7.34680412290618 92.7280356813512 "gold" 470.236623601522 441.337432246366 -16.394730690011
"46" 47.0870675554033 68.6957195866853 84.7470273818274 37.6835387888407 3.87329444708303 74.264771539954 "gold" 318.773910636082 342.375149920482 17.1826660006275
"47" 48.6642872053199 54.3536976585165 54.1971452249955 27.5179303835591 5.10874944692478 42.6884507797887 "gold" 260.572693310678 111.799717317821 50.3130365726061
"48" 48.7619967898354 57.8018666431308 61.5194612010315 33.5217901170648 7.71208506962284 69.7109752891198 "gold" 412.559777323622 310.51412493511 -16.6945381460747
"49" 51.5162551426329 63.5986204538494 75.7286796950666 42.058207492936 5.81739477184601 69.309488167743 "gold" 281.256213958841 329.195119725539 48.7797982775281
"50" 54.5668140694033 51.0492652934045 47.9461585873573 28.1841616055314 6.47397535922937 72.9295766963534 "gold" 407.461221970152 318.062438146196 31.1136731567348
